306
65
209
3
236
247
230
150
158
3
99
189
54
218
155
181
134
252
21
6
183
66
128
34
26
93
79
120
284
140
223
137
102
248
275
63
255
243
192
163
90
278
143
85
118
47
197
124
129
18
243
141
81
5
76
43
186
85
301
220
73
270
213
271
171
146
139
31
205
42
207
150
46
43
89
66
304
36
110
64
94
22
271
247
36
262
177
89
197
74
181
136
75
25
260
256
35
126
122
108
277
92
31
218
250
236
41
127
83
240
162
159
97
188
45
233
1
58
87
179
249
282
54
219
196
28
230
291
296
292
82
138
125
298
173
294
291
16
53
234
285
98
227
200
19
303
26
195
57
73
298
141
119
114
73
175
174
55
216
202
232
300
229
117
228
296
112
157
165
215
44
152
6
213
203
201
103
35
276
17
284
90
45
228
173
116
286
62
194
175
78
87
69
233
68
181
152
254
228
149
142
245
120
227
89
109
23
71
131
211
231
212
63
129
295
87
32
173
56
250
39
47
153
257
99
168
54
237
156
110
43
222
264
70
141
103
104
193
82
220
112
13
31
176
4
115
210
123
129
195
168
145
108
170
64
95
28
306
70
270
104
215
261
187
64
170
140
182
173
44
25
256
130
38
188
281
146
72
12
245
299
131
180
155
234
158
84
287
268
61
165
226
50
48
15
4
198
223
54
231
182
292
153
107
189
99
230
255
23
225
124
253
14
276
145
127
55
279
45
186
303
160
27
177
301
176
16
266
199
60
32
249
94
269
162
71
274
128
14
102
268
96
214
175
223
293
11
101
33
261
95
279
277
207
86
163
260
151
133
149
123
208
238
244
209
143
49
12
71
73
100
251
11
40
258
34
11
161
291
231
167
157
273
244
117
180
157
45
116
37
214
110
60
160
88
88
221
190
200
60
259
251
136
122
41
67
25
256
50
248
204
14
166
273
144
51
15
284
299
206
76
75
13
255
30
65
299
5
214
253
303
280
306
190
8
268
137
293
201
121
3
192
302
240
109
38
194
79
97
56
183
189
114
264
103
282
238
63
40
144
169
203
272
40
285
90
50
7
188
105
106
69
280
111
59
91
78
182
136
77
26
251
91
148
225
235
83
140
275
116
72
32
258
92
109
198
163
132
9
237
47
147
30
133
61
187
205
28
138
156
212
186
197
219
8
302
224
80
166
6
44
168
29
254
48
295
13
121
24
226
167
114
135
7
235
158
232
249
2
152
279
202
212
196
41
142
283
252
243
10
127
71
267
62
72
275
159
226
164
180
301
251
116
207
154
94
186
132
293
119
80
179
283
105
174
59
110
265
107
253
192
22
278
233
172
118
38
58
62
250
300
259
229
5
205
178
287
15
179
230
55
65
276
180
156
2
125
83
30
294
139
210
93
69
209
139
305
35
48
146
269
204
237
98
217
254
92
226
239
42
44
33
79
96
288
162
283
42
39
85
200
142
161
112
267
246
114
266
297
219
265
39
125
1
191
89
115
290
177
245
205
96
270
172
70
161
21
215
74
118
8
101
183
227
242
191
78
250
130
168
264
4
290
67
126
75
19
282
265
23
211
9
133
218
152
181
202
46
177
242
289
170
128
266
1
222
233
68
121
57
19
216
62
221
273
148
92
195
20
9
206
20
98
68
239
288
29
208
290
299
33
241
172
164
159
187
275
41
74
115
211
14
121
297
169
199
17
109
252
267
217
77
106
272
21
125
70
80
129
130
160
304
93
86
86
281
224
164
241
289
196
17
47
199
52
305
91
26
19
100
119
160
53
18
193
261
213
210
38
194
150
97
135
263
278
247
203
134
154
143
61
185
50
16
280
262
95
36
81
208
94
229
49
22
274
82
146
171
259
52
81
100
37
274
20
35
154
39
239
7
289
246
77
63
27
174
240
224
137
149
46
104
197
263
55
193
140
153
236
53
178
221
122
60
242
190
231
145
123
201
204
36
286
148
184
220
102
107
272
138
263
277
257
295
95
96
58
176
12
248
241
234
2
107
18
183
24
204
64
217
235
86
27
124
198
30
111
166
258
134
287
232
49
66
34
10
184
182
244
238
51
293
249
74
167
78
155
105
147
113
166
240
111
271
66
294
108
194
171
101
117
9
184
104
113
110
178
84
259
43
260
191
126
151
10
246
158
131
151
69
174
139
292
127
202
120
57
76
144
113
272
138
192
185
24
29
261
135
222
237
281
216
165
29
225
67
185
132
124
106
145
56
269
52
206
51
88
84
40
59
147
46
51
262
221
257
169
189
91
17
37