120
49
77
9
2
18
70
40
39
44
69
35
52
23
63
83
94
111
21
10
35
26
84
88
9
29
54
12
92
33
71
85
61
98
88
19
21
8
4
2
24
13
28
33
92
18
7
105
10
8
44
75
65
81
111
60
54
71
41
46
41
112
115
65
10
110
98
85
1
117
115
74
107
53
40
117
90
56
34
100
75
65
79
107
6
12
77
116
76
51
26
100
21
75
58
25
52
92
8
69
56
29
38
57
67
54
39
99
91
67
38
89
14
35
1
35
105
8
79
44
86
76
103
62
104
112
27
71
116
108
20
53
87
64
118
1
112
64
47
109
72
98
67
4
72
52
2
94
3
21
25
9
99
19
45
57
76
39
80
22
11
68
98
96
102
27
81
82
4
115
111
59
106
33
73
65
86
96
21
45
28
11
77
102
109
90
12
25
76
73
78
69
57
66
75
25
106
6
51
71
51
58
61
41
97
33
19
43
113
113
100
110
6
17
113
22
5
58
34
5
90
14
16
60
74
50
94
50
31
90
8
98
83
53
45
84
62
51
31
24
9
36
73
55
109
69
57
58
63
34
11
108
21
75
29
119
88
31
32
22
112
14
92
14
25
104
68
42
62
81
1
64
65
96
42
81
45
63
116
88
106
76
100
5
58
97
46
67
72
117
2
20
66
1
7
108
103
4
92
48
43
59
51
39
84
11
24
12
30
6
14
60
25
46
59
54
82
115
31
7
101
16
3
80
16
9
66
29
116
67
104
101
36
115
100
39
107
83
35
87
108
107
7
113
45
113
82
68
17
91
12
85
83
31
47
20
42
111
93
95
28
85
17
36
66
85
37
99
43
10
29
3
107
78
66
58
119
36
8
88
22
63
80
10
63
82
69
43
2
30
21
101
100
68
27
34
42
44
22
4
55
50
13
109
91
33
36
56
47
46
8
77
90
6
15
39
50
53
66
9
93
31
19
32
60
68
18
16
94
73
36
33
77
27
3
5
87
99
76
38
78
15
3
4
106
55
79
3
104
99
25
73
95
102
62
1
2
105
34
17
15
53
114
47
118
37
61
40
14
98
37
28
8
59
90
57
106
19
85
74
42
19
77
79
26
80
42
74
79
30
1
41
102
46
17
53
55
19
52
26
7
48
79
89
97
66
103
119
23
7
37
45
64
104
17
70
3
58
28
26
5
78
111
52
35
24
107
61
4
120
30
62
46
44
62
104
87
87
85
4
23
65
114
112
56
84
16
69
108
7
24
10
77
74
7
26
52
30
61
116
18
15
11
48
9
94
56
60
72
56
104
26
56
47
34
83
86
55
16
77
2
77
40
28
96
98
20
16
84
2
16
73
22
45
36
30
55
60
87
14
24
57
61
27
35
66
42
27
109
115
20
116
91
118
18
51
105
76
27
118
99
86
74
26
49
65
33
97
41
67
10
7
75
118
64
42
55
39
12
96
5
87
38
83
17
62
31
46
53
57
72
23
14
89
17
81
31
38
88
58
114
100
41
49
81
6
64
24
94
5
15
96
57
117
112
86
20
49
92
32
9
42
23
57
54
113
40
73
25
75
91
70
88
99
11
39
53
89
46
21
80
107
93
43
72
82
103
13
15
68
98
33
37
65
102
80
4
67
18
93
74
5
34
23
54
6
11
71
41
59
75
29
93
89
51
111
63
3
19
19
73
15
120
110
43
73
13
14
93
101
35
73
80
34
114
110
63
9
78
29
109
38
50
63
74
69
37
65
113
37
36
89
47
1
72
116
47
70
84
67
96
61
68
75
41
94
20
13
40
45
79
59
4
50
42
83
15
81
35
38
44
18
86
83
64
106
3
33
12
16
103
11
70
57
70
32
49
55
13
28
39
40
32
89
19
114
13
110
6
92
32
24
91
23
114
25
59
52
41
99
72
91
24
105
49
74
8
90
54
78
101
55
113
27
108
51
95
50
71
32
46
48
92
80
18
56
31
79
44
89
86
77
26
43
95
58
29
22
30
118
39
3
88
88
106
67
37
100
91
20
78
82
88
22
2
48
69
53
41
78
29
10
84
37
27
60
11
20
95
114
70
97
63
101
76
52
97
68
40
7
107
23
28
28
54
70
93
61
80
48
43
1
103
49
81
93
50
34
5
38
14
19
11
71
62
17
101
86
95
71
31
111
29
85
47
110
61
60
50
40
21
18
105
76
30
82
64
102
95
44
105
13
13
48
49
35
40
15
87
10
107
48
97
22
38
54
109
16
101
90
32
64
68
108
83
103
86
51
92
12
110