186
153
12
128
5
36
88
1
67
29
158
128
117
43
62
62
41
18
81
35
98
6
68
96
4
48
87
157
90
7
18
112
136
14
132
102
14
144
125
40
33
159
130
100
170
1
113
164
132
156
17
169
104
66
79
102
30
7
129
174
84
10
68
129
138
74
107
28
107
17
152
73
8
83
156
29
180
67
1
123
71
133
48
107
86
110
53
127
32
148
157
27
68
167
141
54
25
8
61
58
113
112
38
63
79
115
37
32
83
17
65
8
106
135
161
125
149
171
163
94
25
118
148
71
45
141
87
60
61
37
132
21
150
42
165
75
161
40
83
184
11
147
174
109
70
11
43
118
35
177
186
161
118
42
99
82
166
168
89
126
151
72
90
114
18
39
73
30
19
59
13
113
169
8
49
151
117
2
118
83
145
23
130
66
91
46
50
107
45
5
168
126
15
156
31
80
72
82
29
9
97
95
131
14
82
48
85
9
96
142
100
166
99
134
155
146
103
127
14
179
38
5
27
72
47
21
86
34
125
167
148
31
24
177
160
137
98
55
135
138
165
44
128
120
130
16
73
96
16
9
71
171
30
13
38
45
16
140
149
152
89
52
165
37
59
64
132
12
6
163
119
14
85
21
51
15
65
30
107
17
182
74
28
10
97
20
168
41
147
63
51
63
41
120
57
56
67
109
150
121
176
82
106
43
65
126
57
157
130
122
35
148
89
119
126
160
103
111
170
26
14
142
22
105
116
70
59
137
167
61
71
20
170
114
53
97
56
6
55
88
149
130
168
62
24
1
137
160
84
55
72
71
93
139
94
169
163
28
155
172
93
118
2
127
28
34
44
135
128
154
19
106
11
170
78
60
135
21
52
150
139
144
43
177
164
87
102
144
136
73
53
148
50
69
37
111
89
92
73
134
32
95
170
43
45
137
79
122
105
155
82
108
39
17
74
30
78
115
18
68
104
15
70
84
16
47
44
154
116
101
8
61
46
38
167
105
99
132
121
2
111
90
176
57
162
91
53
122
136
153
133
74
147
110
92
123
143
113
145
171
133
172
23
106
58
175
108
52
80
81
61
134
173
84
112
177
25
179
85
173
81
3
25
149
3
26
159
101
52
41
72
95
101
50
98
38
46
64
20
62
93
7
102
51
108
177
124
19
33
67
54
56
90
74
143
85
20
32
150
72
115
35
155
76
167
3
153
131
115
105
161
166
80
94
118
136
83
19
40
151
59
53
32
40
59
131
3
27
61
144
77
4
2
110
147
31
22
21
54
42
183
2
126
179
22
37
57
18
29
181
19
123
123
99
66
62
154
12
62
15
1
110
36
79
10
88
23
116
160
50
64
129
166
9
89
79
164
24
104
109
80
138
147
64
78
70
120
179
77
55
113
88
52
120
109
69
76
31
48
128
114
23
154
63
86
159
23
146
95
51
45
73
130
13
74
146
75
4
87
119
114
76
96
68
104
147
55
93
98
152
42
71
170
34
75
173
2
58
166
160
57
175
158
156
103
129
24
164
10
46
29
117
158
142
40
101
91
165
44
64
121
6
96
22
44
133
60
94
128
5
155
162
122
23
117
69
151
149
117
112
35
65
140
140
76
55
134
37
47
102
45
12
124
160
165
4
91
34
34
143
134
178
109
85
87
31
31
85
156
91
100
115
166
175
20
178
105
94
36
124
13
30
15
141
139
33
80
92
39
39
5
141
46
138
168
8
145
76
48
46
49
25
56
92
176
53
183
116
10
56
158
86
180
116
26
113
38
100
119
131
43
142
115
47
172
7
140
125
16
133
50
111
183
69
146
95
21
157
84
178
158
5
66
52
61
175
47
91
58
126
49
20
110
152
4
132
137
176
138
11
76
36
18
165
88
127
42
103
151
9
171
96
72
131
135
162
180
172
115
24
121
75
60
167
50
90
16
112
99
120
81
89
9
120
43
112
10
98
27
108
33
29
17
176
57
136
101
175
51
121
106
1
15
66
49
169
185
173
157
38
109
77
22
32
157
110
77
75
133
164
135
174
56
158
67
3
173
27
100
36
33
26
77
178
12
182
70
141
162
66
111
28
184
132
92
114
24
142
124
89
49
169
75
127
58
6
136
31
78
3
80
4
70
172
125
116
108
49
163
124
182
86
122
94
54
111
168
180
100
51
93
131
153
63
181
77
41
97
174
69
46
12
59
94
163
59
101
102
68
161
35
26
60
48
65
60
44
97
7
179
81
13
111
69
11
123
174
145
129
54
139
159
78
104
143
39
84
13
105
99
28