70
51
38
67
26
56
24
47
63
5
29
11
43
24
26
57
11
35
21
51
25
48
27
39
65
12
48
6
46
32
7
39
17
27
8
53
3
68
48
20
64
13
5
35
42
25
38
41
50
17
8
67
69
48
40
51
37
49
53
37
33
37
53
70
31
32
29
24
23
63
14
52
48
3
34
57
3
55
66
29
17
67
22
30
21
42
61
52
16
6
57
31
63
3
4
43
30
33
11
54
29
43
32
39
69
47
55
49
33
37
55
37
9
24
8
31
35
36
11
58
30
55
24
50
7
10
10
49
19
28
7
44
26
40
21
1
60
7
2
27
53
30
18
61
37
47
5
51
35
22
64
34
7
16
20
27
39
16
45
19
31
46
52
17
52
64
70
18
34
19
34
10
30
20
2
40
39
9
64
2
18
4
46
7
25
70
45
58
15
41
11
56
10
11
60
53
62
41
54
60
2
33
14
18
22
10
48
68
6
19
24
11
24
43
15
61
22
14
4
4
13
57
19
66
17
14
61
57
49
54
1
19
1
6
31
5
23
70
29
36
47
39
62
19
65
12
24
6
27
37
27
33
62
20
21
63
14
60
57
32
25
46
64
32
5
14
55
15
67
22
55
26
15
61
54
50
32
66
12
68
48
41
34
13
50
60
2
45
8
66
23
43
8
68
38
59
63
23
44
54
40
10
29
20
62
50
51
64
43
42
44
1
63
16
1
22
64
1
30
31
5
20
34
36
13
45
3
5
28
44
34
36
36
63
47
30
62
42
26
43
53
35
67
28
53
9
59
26
59
17
22
25
58
66
2
18
13
26
8
37
45
7
44
20
52
21
49
25
1
24
60
58
46
11
6
33
65
9
60
46
4
42
41
54
43
44
62
58
32
36
50
35
37
15
4
6
32
69
19
8
15
45
35
57
57
17
65
11
50
24
21
38
31
47
68
46
47
65
1
10
4
22
28
16
23
14
56
60
53
14
33
6
34
18
50
38
35
38
16
46
4
2
29
61
66
12
34
24
23
3
70
18
43
58
9
48
32
21
67
65
34
40
47
61
65
15
20
58
53
2
8
15
41
5
53
59
17
16
27
18
14
25
28
38
12
44
38
10
45
61
65
50
48
28
7
62
26
2
12
7
19
39
25
56
30
29
52
11
31
27
61
63
23
61
12
44
40
37
12
27
28
49
56
15
12
53
58
55
6
23
63
15
59
8
36
49
40
39
11
56
9
31
26
20
15
16
13
58
25
14
6
6
17
33
66
36
2
12
17
41
55
41
9
19
69
35
5
39
53
57
25
24
33
47
5
31
44
4
69
3
10
10
21
4
69
28
44
9
31
15
18
70
27
23
6
39
13
42
36
15
7
29
4
41
47
26
26
58
8
48
13
35
5
43
67
3
15
36
14
66
52
65
40
48
28
33
32
3
30
41
33
17
41
22
27
32
28
46
64
32
34
18
39
40
19
49
9
20
61
17
4
35
23
45
46
29
24
13
18
12
2
55
18
51
56
2
21
65
26
4
23
12
59
14
60
67
10
52
26
48
41
2
25
31
31
28
37
57
47
45
13
20
11
69
20
22
17
30
19
28
48
7
35
1
24
25
12
5
52
45
18
38
12
18
24
42
2
18
14
15
42
30
56
40
3
29
62
36
19
51
39
15
50
51
53
16
33
25
6
14
53
18
47
17
38
13
58
54
66
22
42
60
16
59
60
47
37
5
52
60
46
11
25
16
49
31
54
20
36
46
38
37
27
23
7
38
12
37
66
3
66
59
2
55
43
41
7
39
6
49
40
1
21
22
67
51
34
51
13
50
1
26
2
44
29
14
1
3
44
30
69
70
28
13
8
62
55
13
35
64
44
65
54
13
13
41
62
13
18
45
19
26
40
69
8
60
16
23
48
37
23
11
42
68
18
46
30
9
47
12
11
38
49
6
5
34
55
54
58
22
3
69
59
24
19
60
44
6
58
28
30
52
8
4
65
57
19
56
10
11
1
20
45
23
42
42
13
33
55
50
63
31
36
36
39
27
46
15
61
15
27
32
9
29
3
44
7
21
16
56
2
67
10
21
36
57
45
9
63
57
34
3
66
16
68
26
32
30
65
56
61
8
22
9
16
28
56
20
58
56
52
44
33
44
43
68
51
51
12
29
45
49
8
62
57
35
49
52
20
57
20
28
43
1
33
21
10
64
10
54
61
28
52
38
63
56
55
54
62
54
53
37
9
35
5
59
8
4
45
5
46
22
11
43
59
26
21
12
18
50
68