29
3
3
21
7
14
22
7
25
4
28
15
19
13
21
14
3
5
10
21
2
19
5
21
2
8
17
11
16
27
13
10
7
18
15
25
15
27
19
4
9
14
13
4
23
17
2
1
15
4
4
9
1
27
19
12
28
9
16
22
16
8
26
22
25
18
16
7
18
4
24
17
7
11
1
8
8
1
21
9
5
20
2
13
1
5
18
16
3
3
19
17
15
11
21
1
23
8
13
11
11
16
12
20
20
9
19
27
14
2
5
9
23
12
11
7
2
17
11
8
10
16
10
13
17
21
3
13
2
5
26
19
12
27
6
15
16
9
1
19
7
7
5
11
13
6
28
8
12
6
19
24
21
16
24
14
22
13
25
21
12
15
24
17
17
5
21
23
16
18
1
16
4
22
1
2
23
9
4
24
17
18
14
26
29
17
1
17
3
16
9
13
3
8
17
5
6
7
3
15
20
16
15
5
25
15
18
4
6
28
6
6
4
16
12
4
11
24
7
15
19
11
3
2
12
8
22
4
3
8
14
8
10
3
23
15
6
4
18
9
25
3
8
21
16
13
1
5
24
12
20
1
17
11
11
21
25
23
1
2
18
3
8
13
19
13
22
21
3
10
19
20
4
24
13
23
12
23
18
27
7
8
26
24
8
19
7
8
6
24
26
7
10
22
22
7
9
17
13
20
21
17
21
3
26
10
2
14
4
19
8
2
3
26
6
3
13
12
16
19
5
2
16
6
19
3
7
7
28
3
13
6
10
16
12
22
22
4
22
17
23
27
14
26
24
15
23
6
22
4
11
11
18
20
24
19
26
10
10
4
23
11
9
19
29
9
21
22
10
10
4
18
16
5
11
3
2
8
25
16
24
19
7
6
17
9
1
14
5
9
23
4
5
12
13
18
14
24
5
25
24
23
21
13
23
27
4
27
23
2
9
22
12
10
24
23
11
7
25
15
1
7
2
10
7
17
13
3
21
27
22
4
15
22
4
9
4
9
22
15
8
18
15
18
16
15
2
1
11
24
12
11
9
22
28
5
9
14
11
28
4
17
20
11
12
9
14
17
8
21
1
2
15
18
19
13
10
23
10
6
15
6
6
14
25
9
10
25
20
4
19
6
2
22
16
1
9
15
8
1
17
19
2
14
23
5
10
15
23
9
22
5
3
18
15
3
2
9
20
20
12
15
24
12
23
15
2
19
1
15
26
3
15
28
6
18
12
27
2
18
23
5
7
20
19
5
26
15
24
15
27
18
18
1
3
20
25
2
29
24
8
17
9
13
20
12
2
25
16
20
26
5
27
2
3
7
21
2
22
2
6
18
29
7
4
9
21
11
17
22
6
23
7
7
7
9
20
19
15
7
23
2
11
7
15
8
20
13
16
14
7
16
11
17
16
19
4
20
10
25
10
5
20
12
23
9
27
8
12
1
10
10
25
17
8
1
21
6
20
3
14
17
13
11
25
1
13
21
1
10
4
3
1
18
27
12
13
24
4
14
17
12
6
14
11
14
3
14
21
3
1
23
8
14
9
1
9
10
14
24
9
25
10
13
11
15
26
16
6
4
14
25
3
5
28
12
23
13
9
5
1
11
22
16
18
14
9
10
21
4
26
8
1
14
12
22
10
11
23
20
26
17
24
24
9
18
7
13
20
5
7
21
21
9
10
6
18
11
25
21
12
5
14
23
26
14
5
16
25
14
5
10
14
2
20
1
12
14
16
21
7
12
20
17
25
22
7
13
27
25
17
20
21
5
11
12
21
9
22
14
26
8
15
10
23
2
21
4
8
7
19
25
8
18
13
18
22
8
14
26
23
12
15
5
7
24
10
8
25
16
11
23
10
10
8
21
6
3
15
25
3
22
12
3
21
6
11
17
7
14
13
4
16
19
9
5
12
20
15
22
24
15
24
9
18
16
17
6
9
23
26
14
17
1
15
6
8
22
9
20
10
2
13
19
20
4
4
24
20
1
12
28
6
22
22
3
7
13
4
2
14
19
23
16
26
22
17
23
24
6
5
27
18
2
8
11
10
17
1
23
11
21
15
21
8
26
2
9
11
5
14
1
2
4
16
15
20
18
21
8
18
10
2
10
8
19
2
21
2
7
11
26
7
6
27
6
18
25
8
6
2
3
7
18
18
1
13
27
13
25
6
21
3
19
12
2
13
27
9
7
18
20
5
6
24
10
21
6
9
6
10
16
11
10
4
1
20
4
27
16
21
8
1
10
23
8
11
25
10
22
26
1
12
24
19
17
22
5
20
7
11