38
27
12
26
30
37
20
32
19
30
16
26
28
37
30
1
5
21
5
4
23
33
13
7
9
5
26
3
9
25
9
28
20
15
21
27
7
28
24
25
21
24
7
30
21
19
27
2
15
27
25
7
20
17
1
33
16
11
23
25
33
30
16
34
33
26
19
25
17
2
36
11
29
9
1
14
6
27
20
8
34
10
23
7
4
9
20
6
28
22
28
17
21
35
35
31
17
36
1
12
35
9
1
14
11
23
13
18
3
10
3
1
8
14
5
10
18
26
10
25
3
4
8
32
6
7
21
2
14
14
24
29
12
37
21
31
11
37
36
3
36
10
16
2
23
15
3
4
34
24
29
12
5
12
1
35
29
13
4
20
3
22
16
4
35
27
31
2
6
22
5
24
38
14
15
19
2
29
13
28
16
8
5
18
37
2
17
36
33
27
28
13
38
13
26
6
16
28
15
7
18
19
4
5
35
17
24
25
35
17
19
24
22
26
8
31
18
32
10
37
32
22
15
31
36
18
34
18
6
32
13
11
35
17
19
9
2
33
11
22
12
11
23
29
30
23
8
34
32
25
13