94
72
53
36
71
25
44
32
75
29
51
41
12
13
77
35
70
73
20
63
55
10
19
12
23
8
31
1
85
33
57
51
49
39
14
46
34
64
40
61
21
94
3
58
92
26
21
50
80
64
52
30
49
70
45
69
29
41
18
44
45
9
74
54
38
35
84
86
22
22
7
17
20
47
65
88
4
82
34
28
63
7
83
52
75
5
41
90
42
76
26
43
79
9
48
34
72
31
32
18
27
28
71
3
58
24
72
67
69
37
80
9
29
86
24
55
10
25
58
70
75
8
39
38
81
32
2
10
48
19
89
92
3
91
87
4
14
16
73
66
63
21
48
62
56
54
49
93
27
68
62
11
5
46
79
43
13
76
30
56
74
12
66
81
90
61
33
15
42
2
26
60
77
15
66
23
46
24
57
83
43
67
53
60
57
39
25
47
67
65
87
52
60
84
4
38
36
45
55
28
37
35
17
85
65
47
92
37
80
82
81
7
62
5
11
15
6
87
82
76
91
6
64
40
59
50
78
84
36
53
88
89
33
1
47
17
14
27
68
78
25
90
91
69
71
16
7
20
59
44
18