25
23
21
17
1
16
4
18
7
19
11
16
22
22
22
17
12
5
7
16
23
7
2
7
18
9
18
8
1
4
22
11
17
3
4
20
1
12
8
12
5
13
20
18
20
23
3
21
9
11
21
5
11
10
19
25
3
7
15
12
5
2
10
17
4
9
5
9
14
8
3
5
19
6
11
24
3
10
6
21
1
14
11
14
23
1
7
13
5
4
2
8
14
1
4
13
23
14
10
4
18
14
5
21
7
16
16
16
2
20
17
6
8
19
9
3
22
11
15
23
9
14
25
9
18
21
22
21
24
24
12
16
17
5
18
25
6
14
20
8
12
12
9
22
1
11
11
24
15
1
13
15
18
24
23
12
4
16
3
7
14
8
2
6
5
24
19
9
22
21
20
20
6
17
13
8
7
6
17
21
20
6
2
15
23
2
19
13
20
5
6
3
17
1
6
1
2
12
2
6
10
18
15
15
9
10
4
14
12
20
10
2
9
15
23
9
20
1
15
12
5
8
11
10
3
11
19
2
19
4
17
13
13
24
8
4
19
3
7
20
5
24
16
18
15
16
13
21
3
12
10