59
56
21
23
27
10
25
12
14
43
49
52
47
3
32
10
29
49
39
36
31
5
17
29
29
35
20
5
23
33
21
2
20
53
15
8
12
54
7
56
58
18
23
36
51
45
5
12
45
20
45
58
1
3
55
44
33
46
31
13
47
27
36
29
38
8
8
23
52
54
17
12
14
52
56
15
10
42
30
28
47
35
34
31
11
38
2
5
25
35
10
57
14
16
9
11
54
9
19
26
3
21
49
22
25
40
18
26
17
13
59
34
24
14
43
35
38
51
7
41
46
40
4
34
7
58
54
55
48
2
22
4
43
51
50
48
38
57
49
2
6
20
42
32
18
19
50
2
55
39
38
30
4
55
41
33
53
24
30
36
9
6
44
33
15
45
18
3
22
16
11
27
37
32
52
40
8
1
25
11
29
28
58
57
57
56
53
23
6
39
7
14
48
24
19
26
17
44
13
11
42
16
28
10
6
4
31
50
2
45
15
31
16
53
22
43
47
9
1
4
24
1
12
34
19
13
28
46
43
46
30
42
26
42
20
29
41
37
41
43
19
32
21
21
3
40
6
8
9
54
37