68
22
46
36
31
43
63
34
40
14
46
3
39
44
12
27
19
67
48
15
50
16
27
29
8
14
42
63
20
6
22
37
46
36
27
2
56
53
11
28
15
64
26
62
3
28
58
38
6
9
3
21
55
27
49
54
20
31
59
11
6
51
49
11
5
50
15
10
38
3
5
57
7
29
25
54
22
58
66
11
16
38
58
14
64
39
32
13
8
62
55
60
28
12
37
9
2
17
10
42
47
12
60
7
30
20
58
24
34
21
18
20
13
6
63
42
47
41
7
32
37
29
5
34
12
16
51
13
13
41
56
50
42
32
22
39
12
8
1
61
11
7
64
42
8
39
4
4
8
35
12
49
31
14
7
56
33
42
54
29
59
8
51
3
23
62
18
44
49
8
32
46
2
27
43
6
63
65
65
6
19
48
39
50
5
18
5
6
57
22
52
43
46
55
59
49
56
20
36
36
34
66
54
26
62
19
61
24
8
1
53
57
35
59
35
17
58
52
46
35
52
2
55
49
33
13
47
43
41
26
47
50
11
48
43
61
30
53
60
58
10
65
14
53
30
56
23
33
38
14
44
60
2
59
17
21
50
39
18
19
45
42
21
29
28
30
39
32
32
13
37
4
33
40
12
13
15
65
37
45
11
34
4
53
7
56
64
47
38
45
40
6
25
9
51
33
18
37
18
24
41
54
59
65
15
67
5
62
1
23
10
12
27
65
57
5
52
60
40
43
1
25
44
45
45
49
35
2
6
32
57
39
26
15
57
48
7
16
3
43
25
23
31
43
40
47
19
48
1
4
44
64
1
30
38
63
28
21
36
26
19
21
33
63
14
14
28
45
2
44
44
9
53
24
16
31
41
17
40
10
35
40
52
15
37
17
1
14
60
45
18
55
38
28
49
47
65
10
66
1
54
61
3
16
28
11
58
23
51
29
20
22
41
40
15
1
9
51
38
7
24
9
21
36
61
17
35
10
34
61
25
48
23
37
27
9
9
63
66
37
59
19
25
54
64
67
17
31
62
26
30
54
31
10
29
31
13
48
27
24
7
17
41
4
25
19
46
26
20
20
52
30
23
50
35
33
20
29
22
16
36
59
34
25
54
24
30
61
41
68
42
5
61
22
23
55
55
26
16
3
29