18
13
4
4
14
2
4
13
6
2
14
10
7
18
5
6
7
13
13
15
13
5
2
4
5
7
5
18
3
7
10
16
4
7
13
8
14
10
11
8
14
12
12
2
15
11
4
4
15
13
8
8
5
3
14
4
11
9
7
4
7
16
2
1
5
4
15
6
12
8
9
14
15
6
2
12
17
9
7
11
9
4
3
5
10
14
10
13
2
12
5
13
8
2
11
12
2
9
15
12
12
6
11
8
6
5
16
4
14
3
8
4
9
1
11
6
4
7
15
10
12
13
11
3
14
3
1
1
10
11
15
1
6
3
2
5
15
9
4
13
3
15
16
4
13
11
1
4
10
17
8
1
10
15
17
12
1
10
7
14
10
6
7
1
7
9
11
9
10
8
10
5
13
11
8
12
8
11
5
3
16
10
7
9
16
7
1
11
16
9
14
2
4
6
5
5
3
6
2
1
11
8
3
5
10
5
2
4
12
15
11
1
4
9
6
7
5
12
7
6
4
3
2
15
9
13
8
13
8
8
2
11
16
15
7
3
7
4
5
16
4
4
12
9
8
2
12
4
8
9
10
7
13
6
13
7
3
6
6
10
7
12
3
10
14
9
4
12
7
14
4
13
1
10
1
3
4
2
3
8
10
8
12
10
6
8
5
3
13
16
15
2
9
2
6
9
11
16
15
1
14
2
12
5
9
13
1
5
6
10
17
10
12
1
14
11
11
12
6
10
13
3
4
3
2
11
10
7
3
9
3
9
1
8
12
1
6
12
9
17
8
17
11
3
11
15
12
5
14
9
2
9
13
9
14
16
13
12
8
2
13
2
14
8
5
7
6
6
7
6
5
13
11
12
11
8
13
10
8
10
6
7
13
15
11
9
10
13
5
14
13
1
17
1
14
6
12
5
11
1
7
3
7
5
5
8
9
1
2
10
11
2
1
16
12
10
2
12
10
10
14
14
15
6
1
5
15
12
16
6
8
10
1
2
3
10
5
1
12
2
2
4
11
9
15
4
3
16
16
14
2
14
6
15
11
7
12
9
13
14
1
3
8
10
6
14
9
14
5
6
9
5
16
12
1
6
5
14
1
3
1
14
17
15
3
15
2
6
8
5
11
13
7
2
14
16
10
6
7
12
3