103
21
15
38
29
15
55
82
65
18
68
39
13
97
23
68
41
57
5
47
98
56
59
74
80
41
10
95
11
61
61
35
7
39
83
32
9
93
24
22
32
3
88
58
82
32
89
85
69
103
37
14
25
33
40
65
69
37
47
102
26
99
95
19
60
83
55
36
44
51
91
46
93
1
49
96
25
22
22
49
72
70
32
27
42
32
59
23
101
87
11
21
77
88
46
89
76
71
18
79
88
89
42
50
17
84
81
94
22
55
66
84
28
94
16
64
33
34
18
90
67
37
87
4
78
16
62
98
80
30
60
2
46
2
56
76
9
56
71
80
31
91
11
54
33
59
1
93
17
56
6
81
29
29
72
25
27
22
36
50
52
45
51
57
95
38
80
74
53
86
42
48
36
96
77
75
21
90
33
47
26
75
32
71
52
81
93
70
24
97
23
89
81
66
15
79
48
44
30
55
12
53
102
67
83
60
68
15
46
14
31
42
38
59
11
17
70
15
80
54
4
66
73
100
74
3
13
13
72
92
51
78
2
11
48
96
82
88
8
72
2
31
44
8
52
89
28
67
86
2
103
40
13
99
10
28
43
63
85
100
86
9
54
70
98
7
1
69
37
81
25
12
16
12
40
58
59
36
5
26
79
38
91
17
53
76
97
38
5
14
95
60
10
26
91
70
53
16
55
56
61
59
88
7
92
91
26
34
61
5
30
50
43
10
6
77
43
76
49
76
12
61
7
54
102
94
23
40
74
30
45
40
67
82
41
87
46
31
19
39
47
50
82
52
57
63
19
26
44
7
45
6
68
20
9
85
31
27
98
63
97
54
53
14
11
90
99
29
67
72
24
65
4
47
28
66
65
64
75
33
12
34
29
101
64
39
73
35
90
47
101
70
31
96
27
41
23
17
52
9
30
44
19
62
58
79
99
35
57
73
54
98
30
50
18
38
21
58
3
19
75
62
34
37
24
8
20
16
34
8
11
65
1
45
79
42
5
45
75
63
3
36
100
8
92
8
18
85
28
78
35
1
94
73
69
84
2
69
35
51
14
87
29
79
88
4
49
6
78
58
48
28
78
83
34
10
37
74
33
15
24
84
62
68
78
64
20
43
3
39
27
102
20
49
60
41
103
73
86
71
75