168
6
63
155
36
2
81
158
28
5
165
24
96
104
34
145
13
105
4
115
162
127
100
62
82
96
11
72
12
148
123
1
83
46
90
15
59
26
54
22
76
134
102
50
28
70
41
145
67
91
139
39
89
138
160
142
67
161
15
62
29
104
130
91
1
78
28
71
146
79
111
151
73
5
37
37
45
129
125
157
46
129
72
102
94
112
123
121
21
107
97
112
36
68
49
84
57
116
124
50
94
30
146
138
43
76
114
20
113
154
152
73
41
44
73
58
147
133
3
108
33
27
83
150
117
22
114
164
40
117
19
32
143
115
77
136
80
10
29
155
76
85
3
59
98
106
103
101
2
54
68
118
126
97
17
1
135
86
39
95
100
80
45
58
83
76
70
85
69
51
157
87
144
92
44
75
43
60
60
147
165
134
31
101
74
117
35
48
128
88
53
25
4
120
89
27
41
64
49
16
55
34
66
69
131
57
109
135
120
75
63
137
77
159
110
113
57
78
52
10
8
55
11
61
43
35
12
15
102
98
22
124
103
69
68
108
140
93
71
138
48
99
118
121
98
23
124
67
139
65
47
31
42
5
144
84
16
143
105
54
38
14
84
92
24
88
71
99
85
40
128
131
119
110
160
93
140
113
80
91
72
23
114
87
17
148
23
30
162
126
145
79
152
161
108
121
36
17
53
168
154
137
33
64
74
62
66
132
105
42
116
132
61
34
151
167
127
44
48
112
106
164
26
118
88
143
65
157
16
130
33
7
51
18
129
96
148
99
104
92
146
162
56
46
78
160
119
130
125
38
87
164
81
90
141
40
159
42
8
153
56
132
123
109
125
151
70
22
153
2
6
29
103
86
107
163
26
5
19
111
140
141
119
127
64
86
35
94
103
97
149
153
14
65
7
122
66
60
51
39
108
95
20
100
106
25
59
23
142
135
122
9
31
11
109
8
110
159
90
147
47
61
21
111
122
107
13
120
24
38
144
131
48
27
52
166
9
126
19
77
74
13
127
7
82
100
134
96
101
6
9
37
4
20
3
50
47
115
32
10
93
49
150
136
105
14
89
53
79
133
134
128
42
58
18
45
156
39
158
163
73
56
82
63
116
136
117
118
156
52
141
32
21
149
25
119
30
75
36
18
156