41
15
26
15
11
25
2
32
38
20
13
21
1
24
32
11
2
13
18
12
31
37
26
34
19
17
13
8
29
1
23
4
4
40
16
28
32
29
34
25
40
9
37
1
23
13
11
5
14
30
37
38
29
16
21
33
2
2
17
25
15
36
40
28
2
29
7
6
19
6
28
19
36
24
36
19
18
21
20
19
26
14
33
8
3
28
14
29
23
14
23
12
36
6
32
20
5
12
3
35
22
35
13
17
15
10
6
18
23
31
28
29
33
35
7
28
18
32
35
14
24
34
1
13
38
27
27
8
40
40
31
32
22
11
8
17
5
9
7
15
30
10
35
10
7
1
25
9
31
2
5
10
8
5
12
23
13
22
24
16
7
8
20
1
27
22
7
27
23
5
40
22
3
32
4
34
26
12
26
25
1
18
19
34
5
29
15
27
3
18
27
25
25
25
16
9
4
7
5
11
10
37
30
36
22
35
6
33
35
1
18
9
28
2
23
36
27
5
3
22
31
32
22
23
5
4
37
6
19
19
20
6
7
25
17
9
37
27
33
23
9
27
6
25
21
14
37
35
30
9
14
34
27
8
8
10
16
2
12
15
17
35
35
11
32
24
7
30
25
38
35
15
37
6
37
31
40
12
15
33
19
5
21
17
40
40
5
20
27
2
9
28
23
37
32
29
8
9
2
2
16
9
20
26
41
2
2
12
31
21
26
14
32
13
1
5
21
30
24
21
7
17
6
21
29
34
5
27
23
40
37
1
4
18
18
15
19
28
30
28
8
30
17
11
3
11
35
20
22
8
10
19
9
12
10
38
30
14
27
36
7
38
34
40
15
32
15
20
33
16
6
4
4
17
18
1
14
12
7
6
10
33
29
11
18
10
10
4
26
3
39
2
39
5
12
19
3
26
27
23
16
25
4
34
28
31
29
1
26
13
13
1
28
7
18
31
4
3
39
13
30
11
37
39
26
35
21
32
4
3
30
41
3
34
12
31
9
17
33
20
5
33
17
24
6
28
12
10
38
16
17
33
28
20
13
26
16
19
12
39
33
39
4
36
11
29
14
30
10
21
37
8
8
37
3
15
24
1
24
31
34
2
39
23
9
13
11
38
22
29
22
10
3
38
24
16
14
36
16
18
6